0.000000000E0	5.283363765E-2
3.333777837E-2	4.948502681E-2
6.667555674E-2	4.278780514E-2
1.000133351E-1	3.663245078E-2
1.333511135E-1	3.304429993E-2
1.666888919E-1	3.726705025E-2
2.000266702E-1	3.967654705E-2
2.333644486E-1	4.781072140E-2
2.667022270E-1	5.123488256E-2
3.000400053E-1	5.208067895E-2
3.333777837E-1	5.112465833E-2
3.667155621E-1	4.869168502E-2
4.000533404E-1	4.427068813E-2
4.333911188E-1	3.911226450E-2
4.667288972E-1	3.960512757E-2
5.000666756E-1	4.486139003E-2
5.334044539E-1	4.866203511E-2
5.667422323E-1	5.144859077E-2
6.000800107E-1	5.202535942E-2
6.334177890E-1	5.066398497E-2
6.667555674E-1	4.760937877E-2
7.000933458E-1	4.291525873E-2
7.334311241E-1	3.698236874E-2
7.667689025E-1	3.344674307E-2
8.001066809E-1	3.681022451E-2
8.334444593E-1	4.141865723E-2
8.667822376E-1	4.554307613E-2
9.001200160E-1	4.853483715E-2
9.334577944E-1	4.962190836E-2
9.667955727E-1	4.901378060E-2
1.000133351E0	4.675936158E-2
1.033471129E0	4.313492791E-2
1.066808908E0	3.824433183E-2
1.100146686E0	3.784040791E-2
1.133484465E0	4.246403630E-2
1.166822243E0	4.620561279E-2
1.200160021E0	4.863541209E-2
1.233497800E0	4.944323929E-2
1.266835578E0	4.848382337E-2
1.300173356E0	4.572471638E-2
1.333511135E0	4.191835315E-2
1.366848913E0	3.681116785E-2
1.400186692E0	3.314286520E-2
1.433524470E0	3.555181505E-2
1.466862248E0	4.000424039E-2
1.500200027E0	4.377469506E-2
1.533537805E0	4.634240211E-2
1.566875583E0	4.763165642E-2
1.600213362E0	4.729626592E-2
1.633551140E0	4.546655822E-2
1.666888919E0	4.236180563E-2
1.700226697E0	3.821818295E-2
1.733564475E0	3.676752813E-2
1.766902254E0	4.089512899E-2
1.800240032E0	4.432378844E-2
1.833577810E0	4.640656724E-2
1.866915589E0	4.714502531E-2
1.900253367E0	4.637671267E-2
1.933591145E0	4.425084738E-2
1.966928924E0	4.087481476E-2
2.000266702E0	3.650205398E-2
2.033604481E0	3.304916801E-2
2.066942259E0	3.470094617E-2
2.100280037E0	3.874700880E-2
2.133617816E0	4.203631904E-2
2.166955594E0	4.444581200E-2
2.200293372E0	4.569414792E-2
2.233631151E0	4.563316467E-2
2.266968929E0	4.420108045E-2
2.300306708E0	4.141765572E-2
2.333644486E0	3.795079122E-2
2.366982264E0	3.592362233E-2
2.400320043E0	3.949872541E-2
2.433657821E0	4.245729995E-2
2.466995599E0	4.443259435E-2
2.500333378E0	4.515369954E-2
2.533671156E0	4.463340283E-2
2.567008935E0	4.293691184E-2
2.600346713E0	4.003039933E-2
2.633684491E0	3.635428271E-2
2.667022270E0	3.307813561E-2
2.700360048E0	3.404349638E-2
2.733697826E0	3.751562680E-2
2.767035605E0	4.055812645E-2
2.800373383E0	4.300403555E-2
2.833711161E0	4.424338044E-2
2.867048940E0	4.423541371E-2
2.900386718E0	4.311747615E-2
2.933724497E0	4.088904568E-2
2.967062275E0	3.782612783E-2
3.000400053E0	3.542106383E-2
3.033737832E0	3.832864650E-2
3.067075610E0	4.088877468E-2
3.100413388E0	4.274705708E-2
3.133751167E0	4.356969468E-2
3.167088945E0	4.323697184E-2
3.200426724E0	4.170027881E-2
3.233764502E0	3.929125218E-2
3.267102280E0	3.621064143E-2
3.300440059E0	3.299038766E-2
3.333777837E0	3.321321323E-2
3.367115615E0	3.624373759E-2
3.400453394E0	3.919965379E-2
3.433791172E0	4.141619210E-2
3.467128951E0	4.272512264E-2
3.500466729E0	4.298937050E-2
3.533804507E0	4.210826284E-2
3.567142286E0	4.031691843E-2
3.600480064E0	3.764747089E-2
3.633817842E0	3.510286868E-2
3.667155621E0	3.721387935E-2
3.700493399E0	3.972481281E-2
3.733831177E0	4.144511515E-2
3.767168956E0	4.215768027E-2
3.800506734E0	4.196914992E-2
3.833844513E0	4.081640564E-2
3.867182291E0	3.882446147E-2
3.900520069E0	3.609581294E-2
3.933857848E0	3.324437162E-2
3.967195626E0	3.283466985E-2
4.000533404E0	3.540745073E-2
4.033871183E0	3.812378969E-2
4.067208961E0	4.018924401E-2
4.100546740E0	4.149303410E-2
4.133884518E0	4.187508591E-2
4.167222296E0	4.137389575E-2
4.200560075E0	3.993476246E-2
4.233897853E0	3.767131372E-2
4.267235631E0	3.515143867E-2
4.300573410E0	3.641600338E-2
4.333911188E0	3.862150824E-2
4.367248967E0	4.021555841E-2
4.400586745E0	4.104747395E-2
4.433924523E0	4.099450266E-2
4.467262302E0	4.008797496E-2
4.500600080E0	3.840880097E-2
4.533937858E0	3.605578962E-2
4.567275637E0	3.352258444E-2
4.600613415E0	3.259809773E-2
4.633951193E0	3.478274711E-2
4.667288972E0	3.716815557E-2
4.700626750E0	3.918966961E-2
4.733964529E0	4.055950020E-2
4.767302307E0	4.106539753E-2
4.800640085E0	4.074079257E-2
4.833977864E0	3.951632509E-2
4.867315642E0	3.761008711E-2
4.900653420E0	3.518700148E-2
4.933991199E0	3.565176607E-2
4.967328977E0	3.758492062E-2
5.000666756E0	3.898682008E-2
5.034004534E0	3.980418876E-2
5.067342312E0	3.983611425E-2
5.100680091E0	3.917224817E-2
5.134017869E0	3.776575484E-2
5.167355647E0	3.588409777E-2
5.200693426E0	3.375443616E-2
5.234031204E0	3.230605271E-2
5.267368983E0	3.399665213E-2
5.300706761E0	3.616302694E-2
5.334044539E0	3.807714949E-2
5.367382318E0	3.942813197E-2
5.400720096E0	4.005052482E-2
5.434057874E0	3.993035785E-2
5.467395653E0	3.906755223E-2
5.500733431E0	3.759077121E-2
5.534071209E0	3.543707300E-2
5.567408988E0	3.499031469E-2
5.600746766E0	3.671532761E-2
5.634084545E0	3.806753591E-2
5.667422323E0	3.886008261E-2
5.700760101E0	3.902694421E-2
5.734097880E0	3.853535967E-2
5.767435658E0	3.747011185E-2
5.800773436E0	3.591829405E-2
5.834111215E0	3.405997197E-2
5.867448993E0	3.248145685E-2
5.900786772E0	3.339579330E-2
5.934124550E0	3.541733103E-2
5.967462328E0	3.724389618E-2
6.000800107E0	3.848484944E-2
6.034137885E0	3.922286283E-2
6.067475663E0	3.927091836E-2
6.100813442E0	3.864589177E-2
6.134151220E0	3.736886070E-2
6.167488999E0	3.563056518E-2
6.200826777E0	3.440782973E-2
6.234164555E0	3.567422525E-2
6.267502334E0	3.689845682E-2
6.300840112E0	3.760420955E-2
6.334177890E0	3.783233418E-2
6.367515669E0	3.755285674E-2
6.400853447E0	3.676052235E-2
6.434191225E0	3.549900906E-2
6.467529004E0	3.399744628E-2
6.500866782E0	3.255139882E-2
6.534204561E0	3.276024431E-2
6.567542339E0	3.456949097E-2
6.600880117E0	3.618779789E-2
6.634217896E0	3.753824986E-2
6.667555674E0	3.837824943E-2
6.700893452E0	3.861882278E-2
6.734231231E0	3.822051147E-2
6.767569009E0	3.721749205E-2
6.800906788E0	3.581540633E-2
6.834244566E0	3.427846399E-2
6.867582344E0	3.491705093E-2
6.900920123E0	3.590828041E-2
6.934257901E0	3.659269960E-2
6.967595679E0	3.687376850E-2
7.000933458E0	3.672122982E-2
7.034271236E0	3.617450592E-2
7.067609015E0	3.519924758E-2
7.100946793E0	3.404143307E-2
7.134284571E0	3.273700154E-2
7.167622350E0	3.235299237E-2
7.200960128E0	3.374465965E-2
7.234297906E0	3.526661366E-2
7.267635685E0	3.655280332E-2
7.300973463E0	3.741124583E-2
7.334311241E0	3.776814914E-2
7.367649020E0	3.758125710E-2
7.400986798E0	3.694605190E-2
7.434324577E0	3.581251926E-2
7.467662355E0	3.434244431E-2
7.501000133E0	3.409297202E-2
7.534337912E0	3.494949782E-2
7.567675690E0	3.559020259E-2
7.601013468E0	3.591469815E-2
7.634351247E0	3.591685294E-2
7.667689025E0	3.559248592E-2
7.701026804E0	3.491350291E-2
7.734364582E0	3.404152240E-2
7.767702360E0	3.299077599E-2
7.801040139E0	3.219002326E-2
7.834377917E0	3.294832254E-2
7.867715695E0	3.433080484E-2
7.901053474E0	3.552234675E-2
7.934391252E0	3.643974546E-2
7.967729031E0	3.696154651E-2
8.001066809E0	3.699880527E-2
8.034404587E0	3.659281877E-2
8.067742366E0	3.570208691E-2
8.101080144E0	3.456667326E-2
8.134417922E0	3.356289221E-2
8.167755701E0	3.408086275E-2
8.201093479E0	3.460518081E-2
8.234431258E0	3.492480635E-2
8.267769036E0	3.503456237E-2
8.301106814E0	3.485752181E-2
8.334444593E0	3.452451127E-2
8.367782371E0	3.392194839E-2
8.401120149E0	3.320033598E-2
8.434457928E0	3.243989094E-2
8.467795706E0	3.245843254E-2
8.501133484E0	3.360552006E-2
8.534471263E0	3.471293767E-2
8.567809041E0	3.563572031E-2
8.601146820E0	3.620147459E-2
8.634484598E0	3.644896021E-2
8.667822376E0	3.622991696E-2
8.701160155E0	3.565509702E-2
8.734497933E0	3.481836578E-2
8.767835711E0	3.371543187E-2
8.801173490E0	3.345023786E-2
8.834511268E0	3.380045262E-2
8.867849047E0	3.406127590E-2
8.901186825E0	3.423728425E-2
8.934524603E0	3.424824981E-2
8.967862382E0	3.403406024E-2
9.001200160E0	3.373492237E-2
9.034537938E0	3.327496165E-2
9.067875717E0	3.279417673E-2
9.101213495E0	3.240365567E-2
9.134551274E0	3.294010891E-2
9.167889052E0	3.397769625E-2
9.201226830E0	3.484616744E-2
9.234564609E0	3.545833404E-2
9.267902387E0	3.582500501E-2
9.301240165E0	3.587271923E-2
9.334577944E0	3.553444110E-2
9.367915722E0	3.487769210E-2
9.401253500E0	3.402728280E-2
9.434591279E0	3.313203205E-2
9.467929057E0	3.316998841E-2
9.501266836E0	3.344395418E-2
9.534604614E0	3.356359881E-2
9.567942392E0	3.367804212E-2
9.601280171E0	3.370534076E-2
9.634617949E0	3.357613324E-2
9.667955727E0	3.338848426E-2
9.701293506E0	3.314857786E-2
9.734631284E0	3.288283675E-2
9.767969063E0	3.269195061E-2
9.801306841E0	3.344724724E-2
9.834644619E0	3.426297446E-2
9.867982398E0	3.486994141E-2
9.901320176E0	3.535981917E-2
9.934657954E0	3.547182483E-2
9.967995733E0	3.536605456E-2
1.000133351E1	3.490563014E-2
1.003467129E1	3.428605362E-2
1.006800907E1	3.348106257E-2
1.010134685E1	3.268738543E-2
1.013468462E1	3.265407977E-2
1.016802240E1	3.282387613E-2
1.020136018E1	3.294529765E-2
1.023469796E1	3.307281660E-2
1.026803574E1	3.318218555E-2
1.030137352E1	3.319746421E-2
1.033471129E1	3.319435496E-2
1.036804907E1	3.317732530E-2
1.040138685E1	3.306809808E-2
1.043472463E1	3.300669924E-2
1.046806241E1	3.353892597E-2
1.050140019E1	3.423602089E-2
1.053473797E1	3.467325167E-2
1.056807574E1	3.488923987E-2
1.060141352E1	3.491743090E-2
1.063475130E1	3.473859881E-2
1.066808908E1	3.430475971E-2
1.070142686E1	3.373784822E-2
1.073476464E1	3.301039799E-2
1.076810241E1	3.237584462E-2
1.080144019E1	3.213662839E-2
1.083477797E1	3.220569430E-2
1.086811575E1	3.236214800E-2
1.090145353E1	3.257928238E-2
1.093479131E1	3.274051710E-2
1.096812908E1	3.292321772E-2
1.100146686E1	3.315419317E-2
1.103480464E1	3.323163660E-2
1.106814242E1	3.331013931E-2
1.110148020E1	3.326196201E-2 
