0.000000000E0	1.566666667E-2
3.324468085E-2	1.566400939E-2
6.648936170E-2	1.567949582E-2
9.973404255E-2	1.585338456E-2
1.329787234E-1	1.594225205E-2
1.662234043E-1	1.626924534E-2
1.994680851E-1	1.647324613E-2
2.327127660E-1	1.665041457E-2
2.659574468E-1	1.676778657E-2
2.992021277E-1	1.681468881E-2
3.324468085E-1	1.687033090E-2
3.656914894E-1	1.676762568E-2
3.989361702E-1	1.670995403E-2
4.321808511E-1	1.660983447E-2
4.654255319E-1	1.647709428E-2
4.986702128E-1	1.627190681E-2
5.319148936E-1	1.621521371E-2
5.651595745E-1	1.602842612E-2
5.984042553E-1	1.601370887E-2
6.316489362E-1	1.599928866E-2
6.648936170E-1	1.602586500E-2
6.981382979E-1	1.618568100E-2
7.313829787E-1	1.632783744E-2
7.646276596E-1	1.644598299E-2
7.978723404E-1	1.660104758E-2
8.311170213E-1	1.670798717E-2
8.643617021E-1	1.671967228E-2
8.976063830E-1	1.674702516E-2
9.308510638E-1	1.672698143E-2
9.640957447E-1	1.657579962E-2
9.973404255E-1	1.649984664E-2
1.030585106E0	1.640505375E-2
1.063829787E0	1.626385813E-2
1.097074468E0	1.624443842E-2
1.130319149E0	1.617183811E-2
1.163563830E0	1.619166016E-2
1.196808511E0	1.620696920E-2
1.230053191E0	1.624527459E-2
1.263297872E0	1.642000672E-2
1.296542553E0	1.655251374E-2
1.329787234E0	1.669984238E-2
1.363031915E0	1.677530691E-2
1.396276596E0	1.688920840E-2
1.429521277E0	1.697339126E-2
1.462765957E0	1.698966519E-2
1.496010638E0	1.697222625E-2
1.529255319E0	1.682257086E-2
1.562500000E0	1.660522310E-2
1.595744681E0	1.646980082E-2
1.628989362E0	1.625397737E-2
1.662234043E0	1.607550187E-2
1.695478723E0	1.599936036E-2
1.728723404E0	1.599370449E-2
1.761968085E0	1.599899007E-2
1.795212766E0	1.603386516E-2
1.828457447E0	1.624262019E-2
1.861702128E0	1.644182687E-2
1.894946809E0	1.665036279E-2
1.928191489E0	1.682597368E-2
1.961436170E0	1.699186343E-2
1.994680851E0	1.709808300E-2
2.027925532E0	1.712736200E-2
2.061170213E0	1.715518849E-2
2.094414894E0	1.704836317E-2
2.127659574E0	1.696832698E-2
2.160904255E0	1.677271659E-2
2.194148936E0	1.651137019E-2
2.227393617E0	1.621706163E-2
2.260638298E0	1.599514676E-2
2.293882979E0	1.577136630E-2
2.327127660E0	1.572171236E-2
2.360372340E0	1.573514322E-2
2.393617021E0	1.579149408E-2
2.426861702E0	1.599981080E-2
2.460106383E0	1.625147810E-2
2.493351064E0	1.648932101E-2
2.526595745E0	1.678963292E-2
2.559840426E0	1.701053553E-2
2.593085106E0	1.720430768E-2
2.626329787E0	1.727888240E-2
2.659574468E0	1.726021142E-2
2.692819149E0	1.722645785E-2
2.726063830E0	1.709850101E-2
2.759308511E0	1.685035857E-2
2.792553191E0	1.656815082E-2
2.825797872E0	1.624047443E-2
2.859042553E0	1.597389109E-2
2.892287234E0	1.574527883E-2
2.925531915E0	1.552652837E-2
2.958776596E0	1.549377314E-2
2.992021277E0	1.552547498E-2
3.025265957E0	1.568597394E-2
3.058510638E0	1.594523571E-2
3.091755319E0	1.625387512E-2
3.125000000E0	1.651612203E-2
3.158244681E0	1.686877565E-2
3.191489362E0	1.719865108E-2
3.224734043E0	1.738081746E-2
3.257978723E0	1.748528286E-2
3.291223404E0	1.747702863E-2
3.324468085E0	1.731136470E-2
3.357712766E0	1.706368953E-2
3.390957447E0	1.675471822E-2
3.424202128E0	1.647334951E-2
3.457446809E0	1.608194448E-2
3.490691489E0	1.575965987E-2
3.523936170E0	1.551852987E-2
3.557180851E0	1.533531857E-2
3.590425532E0	1.528516209E-2
3.623670213E0	1.534192635E-2
3.656914894E0	1.552805538E-2
3.690159574E0	1.577808581E-2
3.723404255E0	1.615488805E-2
3.756648936E0	1.653422323E-2
3.789893617E0	1.697069232E-2
3.823138298E0	1.727809148E-2
3.856382979E0	1.751069198E-2
3.889627660E0	1.767817298E-2
3.922872340E0	1.768476309E-2
3.956117021E0	1.747633635E-2
3.989361702E0	1.721474522E-2
4.022606383E0	1.677370320E-2
4.055851064E0	1.629793777E-2
4.089095745E0	1.595217274E-2
4.122340426E0	1.553571824E-2
4.155585106E0	1.526461784E-2
4.188829787E0	1.504991968E-2
4.222074468E0	1.502400841E-2
4.255319149E0	1.508023569E-2
4.288563830E0	1.531875517E-2
4.321808511E0	1.575207168E-2
4.355053191E0	1.622830064E-2
4.388297872E0	1.667609811E-2
4.421542553E0	1.706859457E-2
4.454787234E0	1.746233564E-2
4.488031915E0	1.770123934E-2
4.521276596E0	1.774303513E-2
4.554521277E0	1.770417886E-2
4.587765957E0	1.747101195E-2
4.621010638E0	1.716534165E-2
4.654255319E0	1.674205663E-2
4.687500000E0	1.626923379E-2
4.720744681E0	1.593931211E-2
4.753989362E0	1.548741627E-2
4.787234043E0	1.520928158E-2
4.820478723E0	1.499608530E-2
4.853723404E0	1.499271238E-2
4.886968085E0	1.508753507E-2
4.920212766E0	1.540421710E-2
4.953457447E0	1.579614999E-2
4.986702128E0	1.627254409E-2
5.019946809E0	1.678910738E-2
5.053191489E0	1.725256655E-2
5.086436170E0	1.769406359E-2
5.119680851E0	1.795764127E-2
5.152925532E0	1.802857764E-2
5.186170213E0	1.795618924E-2
5.219414894E0	1.770601740E-2
5.252659574E0	1.726015205E-2
5.285904255E0	1.677740509E-2
5.319148936E0	1.625279279E-2
5.352393617E0	1.575762174E-2
5.385638298E0	1.529200158E-2
5.418882979E0	1.494745160E-2
5.452127660E0	1.480157629E-2
5.485372340E0	1.479343695E-2
5.518617021E0	1.499247690E-2
5.551861702E0	1.530038184E-2
5.585106383E0	1.575626047E-2
5.618351064E0	1.626559260E-2
5.651595745E0	1.680685772E-2
5.684840426E0	1.728950484E-2
5.718085106E0	1.773995954E-2
5.751329787E0	1.803048180E-2
5.784574468E0	1.817509294E-2
5.817819149E0	1.803045459E-2
5.851063830E0	1.773197625E-2
5.884308511E0	1.727501361E-2
5.917553191E0	1.674147216E-2
5.950797872E0	1.617401497E-2
5.984042553E0	1.560051037E-2
6.017287234E0	1.509018640E-2
6.050531915E0	1.470464913E-2
6.083776596E0	1.453292502E-2
6.117021277E0	1.453710001E-2
6.150265957E0	1.475223404E-2
6.183510638E0	1.505623125E-2
6.216755319E0	1.554886291E-2
6.250000000E0	1.619288210E-2
6.283244681E0	1.675949366E-2
6.316489362E0	1.731777827E-2
6.349734043E0	1.793911474E-2
6.382978723E0	1.829109829E-2
6.416223404E0	1.842447052E-2
6.449468085E0	1.827318116E-2
6.482712766E0	1.796934318E-2
6.515957447E0	1.747569498E-2
6.549202128E0	1.686678795E-2
6.582446809E0	1.624784408E-2
6.615691489E0	1.564604018E-2
6.648936170E0	1.516754079E-2
6.682180851E0	1.478457256E-2
6.715425532E0	1.454037929E-2
6.748670213E0	1.454564894E-2
6.781914894E0	1.476888625E-2
6.815159574E0	1.512820711E-2
6.848404255E0	1.568678186E-2
6.881648936E0	1.627315440E-2
6.914893617E0	1.695072310E-2
6.948138298E0	1.753355869E-2
6.981382979E0	1.799218991E-2
7.014627660E0	1.836044526E-2
7.047872340E0	1.856460683E-2
7.081117021E0	1.845652166E-2
7.114361702E0	1.819045744E-2
7.147606383E0	1.768968150E-2 
