0.000000000E0	3.960396040E-3
3.329227286E-2	4.111074003E-3
6.658454573E-2	3.132305141E-3
9.987681859E-2	1.705766211E-4
1.331690915E-1	-4.857786034E-3
1.664613643E-1	-1.128153941E-2
1.997536372E-1	-1.764798905E-2
2.330459100E-1	-2.374565119E-2
2.663381829E-1	-2.898184570E-2
2.996304558E-1	-3.304208324E-2
3.329227286E-1	-3.528022076E-2
3.662150015E-1	-3.548672196E-2
3.995072744E-1	-3.344872865E-2
4.327995472E-1	-2.949826954E-2
4.660918201E-1	-2.425701298E-2
4.993840930E-1	-1.837904663E-2
5.326763658E-1	-1.190239115E-2
5.659686387E-1	-5.618083518E-3
5.992609115E-1	-7.434289658E-4
6.325531844E-1	2.422831693E-3
6.658454573E-1	3.634789384E-3
6.991377301E-1	2.809314484E-3
7.324300030E-1	-8.838743311E-5
7.657222759E-1	-5.002578834E-3
7.990145487E-1	-1.119038230E-2
8.323068216E-1	-1.767338032E-2
8.655990945E-1	-2.386082117E-2
8.988913673E-1	-2.895991774E-2
9.321836402E-1	-3.295483565E-2
9.654759130E-1	-3.519124194E-2
9.987681859E-1	-3.535783463E-2
1.032060459E0	-3.354947091E-2
1.065352732E0	-2.955156840E-2
1.098645004E0	-2.463541820E-2
1.131937277E0	-1.863475556E-2
1.165229550E0	-1.200786198E-2
1.198521823E0	-5.807888395E-3
1.231814096E0	-1.030825196E-3
1.265106369E0	2.275849066E-3
1.298398642E0	3.504296069E-3
1.331690915E0	2.752324261E-3
1.364983187E0	-1.459918480E-4
1.398275460E0	-5.051097731E-3
1.431567733E0	-1.093431370E-2
1.464860006E0	-1.761694790E-2
1.498152279E0	-2.376309988E-2
1.531444552E0	-2.865102079E-2
1.564736825E0	-3.280236174E-2
1.598029097E0	-3.514251077E-2
1.631321370E0	-3.535019433E-2
1.664613643E0	-3.360112369E-2
1.697905916E0	-2.979340248E-2
1.731198189E0	-2.479843250E-2
1.764490462E0	-1.880460005E-2
1.797782735E0	-1.220668635E-2
1.831075007E0	-6.133638076E-3
1.864367280E0	-1.216188735E-3
1.897659553E0	2.125746420E-3
1.930951826E0	3.418916039E-3
1.964244099E0	2.705664776E-3
1.997536372E0	-1.731430590E-4
2.030828645E0	-4.722490998E-3
2.064120918E0	-1.085773966E-2
2.097413190E0	-1.744225633E-2
2.130705463E0	-2.341721363E-2
2.163997736E0	-2.850643060E-2
2.197290009E0	-3.276601107E-2
2.230582282E0	-3.508953787E-2
2.263874555E0	-3.541364872E-2
2.297166828E0	-3.355081612E-2
2.330459100E0	-2.992837696E-2
2.363751373E0	-2.490245623E-2
2.397043646E0	-1.880184871E-2
2.430335919E0	-1.251291519E-2
2.463628192E0	-6.391395365E-3
2.496920465E0	-1.331627039E-3
2.530212738E0	1.959888049E-3
2.563505010E0	3.301730780E-3
2.596797283E0	2.573320435E-3
2.630089556E0	-2.230057101E-4
2.663381829E0	-4.790966644E-3
2.696674102E0	-1.106130580E-2
2.729966375E0	-1.743931037E-2
2.763258648E0	-2.356543246E-2
2.796550921E0	-2.878446812E-2
2.829843193E0	-3.283728770E-2
2.863135466E0	-3.510458217E-2
2.896427739E0	-3.547770756E-2
2.929720012E0	-3.379324360E-2
2.963012285E0	-3.027526840E-2
2.996304558E0	-2.555176387E-2
3.029596831E0	-1.946031021E-2
3.062889103E0	-1.320781884E-2
3.096181376E0	-6.889820686E-3
3.129473649E0	-1.761684137E-3
3.162765922E0	1.520584854E-3
3.196058195E0	3.029378802E-3
3.229350468E0	2.417178817E-3
3.262642741E0	-2.746228270E-4
3.295935013E0	-4.943822943E-3
3.329227286E0	-1.099087589E-2
3.362519559E0	-1.727452757E-2
3.395811832E0	-2.353507936E-2
3.429104105E0	-2.867005014E-2
3.462396378E0	-3.277481125E-2
3.495688651E0	-3.514603582E-2
3.528980924E0	-3.548197038E-2
3.562273196E0	-3.390581374E-2
3.595565469E0	-3.041058451E-2
3.628857742E0	-2.567897738E-2
3.662150015E0	-1.990165494E-2
3.695442288E0	-1.335456074E-2
3.728734561E0	-6.963542136E-3
3.762026834E0	-2.000572780E-3
3.795319106E0	1.428137154E-3
3.828611379E0	2.993364146E-3
3.861903652E0	2.472268215E-3
3.895195925E0	-1.393256328E-4
3.928488198E0	-4.873015965E-3
3.961780471E0	-1.071956705E-2
3.995072744E0	-1.722865684E-2
4.028365016E0	-2.367466200E-2
4.061657289E0	-2.866449194E-2
4.094949562E0	-3.280733351E-2
4.128241835E0	-3.527330737E-2
4.161534108E0	-3.576122828E-2
4.194826381E0	-3.430230137E-2
4.228118654E0	-3.075952997E-2
4.261410927E0	-2.614683651E-2
4.294703199E0	-2.041251270E-2
4.327995472E0	-1.380392605E-2
4.361287745E0	-7.424627358E-3
4.394580018E0	-2.340682081E-3
4.427872291E0	1.316200634E-3
4.461164564E0	3.002043425E-3
4.494456837E0	2.550775771E-3
4.527749109E0	-4.927889652E-5
4.561041382E0	-4.660598427E-3
4.594333655E0	-1.042286614E-2
4.627625928E0	-1.706713366E-2
4.660918201E0	-2.341131234E-2
4.694210474E0	-2.835994869E-2
4.727502747E0	-3.271948361E-2
4.760795019E0	-3.526041608E-2
4.794087292E0	-3.587443011E-2
4.827379565E0	-3.441963789E-2
4.860671838E0	-3.098329645E-2
4.893964111E0	-2.630604262E-2
4.927256384E0	-2.057060106E-2
4.960548657E0	-1.389986591E-2
4.993840930E0	-7.684153519E-3
5.027133202E0	-2.440238340E-3
5.060425475E0	1.208829536E-3
5.093717748E0	2.896397005E-3
5.127010021E0	2.444177789E-3
5.160302294E0	-1.857383824E-4
5.193594567E0	-4.523982559E-3
5.226886840E0	-1.044252971E-2
5.260179112E0	-1.710667176E-2
5.293471385E0	-2.330204416E-2
5.326763658E0	-2.836324458E-2
5.360055931E0	-3.277623557E-2
5.393348204E0	-3.530366514E-2
5.426640477E0	-3.596651360E-2
5.459932750E0	-3.460218441E-2
5.493225022E0	-3.138429703E-2
5.526517295E0	-2.683466499E-2
5.559809568E0	-2.090583818E-2
5.593101841E0	-1.433121192E-2
5.626394114E0	-8.085694843E-3
5.659686387E0	-2.666229832E-3
5.692978660E0	9.770631600E-4
5.726270933E0	2.758682713E-3
5.759563205E0	2.442787149E-3
5.792855478E0	-1.062230354E-4
5.826147751E0	-4.349992707E-3
5.859440024E0	-1.032580404E-2
5.892732297E0	-1.686574633E-2
5.926024570E0	-2.311778368E-2
5.959316843E0	-2.850124871E-2
5.992609115E0	-3.282998033E-2
6.025901388E0	-3.534598461E-2
6.059193661E0	-3.606241025E-2
6.092485934E0	-3.469466670E-2
6.125778207E0	-3.166539736E-2
6.159070480E0	-2.690419464E-2
6.192362753E0	-2.114171977E-2
6.225655025E0	-1.479394368E-2
6.258947298E0	-8.344536460E-3
6.292239571E0	-2.839411215E-3
6.325531844E0	7.989446894E-4
6.358824117E0	2.645340256E-3
6.392116390E0	2.334082780E-3
6.425408663E0	-3.788268219E-5
6.458700936E0	-4.445760174E-3
6.491993208E0	-1.029808681E-2
6.525285481E0	-1.660606096E-2
6.558577754E0	-2.297122705E-2
6.591870027E0	-2.825374122E-2
6.625162300E0	-3.259706890E-2
6.658454573E0	-3.526437257E-2
6.691746846E0	-3.608019122E-2
6.725039118E0	-3.482900438E-2
6.758331391E0	-3.184434554E-2
6.791623664E0	-2.712550824E-2
6.824915937E0	-2.145796958E-2
6.858208210E0	-1.496539361E-2
6.891500483E0	-8.372314412E-3
6.924792756E0	-3.069553368E-3
6.958085028E0	6.447388677E-4
6.991377301E0	2.601035858E-3
7.024669574E0	2.361483647E-3
7.057961847E0	8.390444597E-5
7.091254120E0	-4.380731623E-3
7.124546393E0	-1.013084957E-2
7.157838666E0	-1.646103925E-2
7.191130939E0	-2.298934504E-2
7.224423211E0	-2.814350379E-2
7.257715484E0	-3.247906481E-2
7.291007757E0	-3.524842578E-2
7.324300030E0	-3.606372835E-2
7.357592303E0	-3.492166834E-2
7.390884576E0	-3.187709606E-2
7.424176849E0	-2.715236730E-2
7.457469121E0	-2.165232976E-2
7.490761394E0	-1.516448568E-2
7.524053667E0	-8.620310501E-3
7.557345940E0	-3.290373547E-3
7.590638213E0	5.955525156E-4
7.623930486E0	2.590484137E-3
7.657222759E0	2.416246276E-3
7.690515031E0	8.853694894E-5
7.723807304E0	-4.287116496E-3
7.757099577E0	-9.816440951E-3
7.790391850E0	-1.642278720E-2
7.823684123E0	-2.278011383E-2
7.856976396E0	-2.786318559E-2
7.890268669E0	-3.236855215E-2
7.923560942E0	-3.514429394E-2
7.956853214E0	-3.599577161E-2
7.990145487E0	-3.483979323E-2
8.023437760E0	-3.183850012E-2
8.056730033E0	-2.730065910E-2
8.090022306E0	-2.163314468E-2
8.123314579E0	-1.506153223E-2
8.156606852E0	-8.830289281E-3
8.189899124E0	-3.360396630E-3
8.223191397E0	5.793008816E-4
8.256483670E0	2.489294597E-3
8.289775943E0	2.413151336E-3
8.323068216E0	3.776534020E-5
8.356360489E0	-4.090833711E-3
8.389652762E0	-9.787404550E-3
8.422945034E0	-1.637145733E-2
8.456237307E0	-2.255953929E-2
8.489529580E0	-2.774331921E-2
8.522821853E0	-3.229189233E-2
8.556114126E0	-3.504567221E-2
8.589406399E0	-3.594395694E-2
8.622698672E0	-3.482981352E-2
8.655990945E0	-3.187613465E-2
8.689283217E0	-2.741187530E-2
8.722575490E0	-2.168397843E-2
8.755867763E0	-1.545133539E-2
8.789160036E0	-9.149234098E-3
8.822452309E0	-3.474136452E-3
8.855744582E0	3.507069633E-4
8.889036855E0	2.354345853E-3
8.922329127E0	2.277901676E-3
8.955621400E0	3.893492053E-5
8.988913673E0	-4.060230224E-3
9.022205946E0	-9.835530022E-3
9.055498219E0	-1.618050502E-2
9.088790492E0	-2.241079267E-2
9.122082765E0	-2.779481549E-2
9.155375037E0	-3.223335594E-2
9.188667310E0	-3.498072305E-2
9.221959583E0	-3.598643705E-2
9.255251856E0	-3.489889554E-2
9.288544129E0	-3.207695628E-2
9.321836402E0	-2.751220469E-2
9.355128675E0	-2.201628887E-2
9.388420947E0	-1.570963819E-2
9.421713220E0	-9.289965780E-3
9.455005493E0	-3.634266793E-3
9.488297766E0	1.743920326E-4
9.521590039E0	2.306580381E-3
9.554882312E0	2.267485021E-3
9.588174585E0	1.697199269E-4
9.621466858E0	-4.041270931E-3
9.654759130E0	-9.669241306E-3
9.688051403E0	-1.587774297E-2
9.721343676E0	-2.226464178E-2
9.754635949E0	-2.747138455E-2
9.787928222E0	-3.193416623E-2
9.821220495E0	-3.480080725E-2
9.854512768E0	-3.581901778E-2
9.887805040E0	-3.479619226E-2
9.921097313E0	-3.194395444E-2
9.954389586E0	-2.709380911E-2
9.987681859E0	-2.202046274E-2
1.002097413E1	-1.568915280E-2
1.005426640E1	-9.242365589E-3
1.008755868E1	-3.798232713E-3
1.012085095E1	1.753231762E-4
1.015414322E1	2.323284805E-3
1.018743550E1	2.346377064E-3
1.022072777E1	2.533552150E-4
1.025402004E1	-3.980060151E-3
1.028731231E1	-9.410834640E-3
1.032060459E1	-1.579024996E-2
1.035389686E1	-2.218252768E-2
1.038718913E1	-2.714144026E-2
1.042048141E1	-3.182231896E-2
1.045377368E1	-3.472437456E-2
1.048706595E1	-3.567323589E-2
1.052035822E1	-3.474372924E-2
1.055365050E1	-3.186959281E-2
1.058694277E1	-2.740319724E-2
1.062023504E1	-2.219779928E-2
1.065352732E1	-1.574063106E-2
1.068681959E1	-9.426234803E-3
1.072011186E1	-3.986256990E-3
1.075340413E1	5.724979259E-5
1.078669641E1	2.191827652E-3
1.081998868E1	2.213985537E-3
1.085328095E1	8.367954154E-5
1.088657323E1	-3.942503078E-3
1.091986550E1	-9.334509036E-3
1.095315777E1	-1.583771099E-2
1.098645004E1	-2.205773940E-2
1.101974232E1	-2.715567453E-2
1.105303459E1	-3.190516627E-2
1.108632686E1	-3.470966160E-2
1.111961914E1	-3.574458058E-2
1.115291141E1	-3.483459567E-2
1.118620368E1	-3.205819293E-2
1.121949595E1	-2.753159281E-2
1.125278823E1	-2.228129853E-2
1.128608050E1	-1.588600135E-2
1.131937277E1	-9.749945501E-3
1.135266505E1	-4.117526982E-3
1.138595732E1	-1.070088454E-4
1.141924959E1	2.051123993E-3
1.145254187E1	2.154276794E-3
1.148583414E1	7.174568171E-5
1.151912641E1	-3.824570726E-3
1.155241868E1	-9.322547752E-3
1.158571096E1	-1.565392181E-2
1.161900323E1	-2.172547133E-2
1.165229550E1	-2.711848730E-2
1.168558778E1	-3.172810415E-2
1.171888005E1	-3.458875860E-2
1.175217232E1	-3.570171268E-2
1.178546459E1	-3.482441594E-2
1.181875687E1	-3.209320940E-2
1.185204914E1	-2.754971102E-2
1.188534141E1	-2.229764512E-2
1.191863369E1	-1.620500292E-2
1.195192596E1	-9.884263356E-3
1.198521823E1	-4.177765187E-3
1.201851050E1	-2.573870188E-4
1.205180278E1	1.988201287E-3
1.208509505E1	2.143298808E-3
1.211838732E1	2.160896113E-4
1.215167960E1	-3.701498160E-3
1.218497187E1	-9.269636651E-3
1.221826414E1	-1.541437825E-2
1.225155641E1	-2.160642629E-2
1.228484869E1	-2.688605348E-2
1.231814096E1	-3.143287399E-2
1.235143323E1	-3.440149528E-2
1.238472551E1	-3.559733598E-2
1.241801778E1	-3.469452444E-2 
